image_00000 131 106 147 121
image_00001 131 106 147 121
image_00002 132 105 148 119
image_00003 131 104 147 121
image_00004 131 104 149 121
image_00005 133 103 146 118
image_00006 132 103 148 120
image_00007 130 103 149 121
image_00008 131 102 147 120
image_00009 131 102 147 121
image_00010 129 101 149 122
image_00011 130 101 150 123
image_00012 130 101 149 121
image_00013 132 100 149 122
image_00014 130 99 151 122
image_00015 131 100 151 121
image_00016 129 100 156 122
image_00017 131 101 155 121
image_00018 132 99 156 121
image_00019 131 98 156 122
image_00020 131 101 157 121
image_00021 133 98 157 121
image_00022 132 100 158 122
image_00023 131 98 159 121
image_00024 129 101 158 123
image_00025 133 98 156 123
image_00026 134 100 155 122
image_00027 132 98 159 122
image_00028 133 97 157 123
image_00029 138 98 158 121
image_00030 139 95 156 125
image_00031 139 96 160 124
image_00032 136 95 156 124
image_00033 138 95 158 124
image_00034 141 94 157 124
image_00035 141 95 158 124
image_00036 143 96 165 122
image_00037 140 95 162 122
image_00038 141 98 165 115
image_00039 142 93 163 119
image_00040 144 98 161 119
image_00041 140 96 161 118
image_00042 142 95 164 116
image_00043 139 96 162 112
image_00044 145 96 162 111
image_00045 147 97 163 111
image_00046 146 96 162 110
image_00047 145 96 161 110
image_00048 147 96 160 109
image_00049 149 97 160 108
image_00050 149 97 160 109
image_00051 149 98 161 108
image_00052 151 96 161 108
image_00053 149 95 161 108
image_00054 149 96 163 108
image_00055 151 95 160 109
image_00056 149 96 162 108
image_00057 151 97 160 107
image_00058 151 96 160 106
image_00059 150 96 159 106
image_00060 152 97 161 107
image_00061 151 96 159 106
image_00062 149 96 160 107
image_00063 150 96 159 106
